1064279406
597185430
838533277
230731875
402787269
597185430
838533277
230731875
402787269
1089245469
838533277
230731875
402787269
1089245469
777522086
230731875
402787269
1089245469
777522086
276224191
402787269
1089245469
777522086
276224191
414855208
1089245469
777522086
276224191
414855208
828899226
777522086
276224191
414855208
828899226
575276329
276224191
414855208
828899226
575276329
266946930
414855208
828899226
575276329
266946930
801216595
828899226
575276929
266946930
801216595
824990097
575276929
266946930
801216595
824990097
253248750
266946930
801216595
824990097
253248750
488002961
801216595
824990097
253248750
488002961
634140258
824990097
253248750
488002961
634140258
701094200
253248750
488002961
634140258
701094200
295762813
488002961
634140258
701094200
295762813
206457195
634140258
701094200
295762813
206457195
888056835
701094200
295762813
206457195
888056835
193231321
295762813
206457195
888056835
193231321
879919553
206457195
888056835
193231321
879919553
670697341
888056835
193231321
879919553
670697341
403240659