87637330000
51592350000
70710450000
90337190000
59876860000
51592350000
70710450000
90337190000
59876860000
40409400000
70710450000
90337190000
59876860000
40409400000
27422300000
90337190000
59876860000
40409400000
27422300000
45635030000
59876860000
40409400000
27422300000
45635030000
38154530000
40409400000
27422300000
45635030000
38154530000
23910350000
27422300000
45635030000
38154530000
23910350000
36457930000
45635030000
38154530000
23910350000
36457930000
27384000000
38154530000
23910350000
36457930000
27384000000
27385000000
23910350000
36457930000
27384000000
27385000000
28537960000
36457930000
27384000000
27385000000
28537960000
37820520000
27384000000
27385000000
28537960000
37820520000
84600000000
27385000000
28537960000
37820520000
84600000000
38400000000
28537960000
37820520000
84600000000
38400000000
160000000000
37820520000
84600000000
38400000000
160000000000
240000000000
84600000000
38400000000
160000000000
240000000000
92300000000
38400000000
160000000000
240000000000
92300000000
281000000000
160000000000
240000000000
92300000000
281000000000
116000000000
240000000000 
92300000000
281000000000
116000000000
96900000000
92300000000 
281000000000 
116000000000 
96900000000
168000000000
281000000000
116000000000
96900000000
168000000000
127000000000